# unix_time, cycles_done, cur_path, paths_total, pending_total, pending_favs, map_size, unique_crashes, unique_hangs, max_depth, execs_per_sec
1682687526, 0, 0, 1, 1, 1, 0.02%, 0, 0, 1, 105.26
1682687532, 0, 0, 12, 12, 1, 0.03%, 1, 0, 2, 130.68
1682687537, 0, 0, 14, 14, 1, 0.03%, 1, 0, 2, 193.12
1682687547, 0, 0, 15, 15, 1, 0.03%, 1, 0, 2, 149.18
1682687562, 0, 0, 20, 20, 1, 0.03%, 1, 0, 2, 307.88
1682687567, 0, 0, 23, 23, 1, 0.03%, 1, 0, 2, 576.16
1682687572, 0, 14, 23, 21, 3, 0.03%, 1, 0, 2, 940.19
1682687593, 0, 14, 24, 22, 3, 0.03%, 1, 0, 3, 88.54
1682687624, 0, 19, 25, 22, 3, 0.03%, 1, 0, 3, 673.70
